ALPHAGOMOKUMK 2019	2019
BLACKLIST	2014,2015,2016,2018
CARBON 2016	2016
CARBON 2017	2017,2018,2019
DEEPFIRE 2019	2019
EMBRYO 2019	2019
GMOTOR 2011	2011,2012,2013,2014,2015,2016,2017,2018,2019
GOFIVE	2018,2019
HEWER 2010	2011
HEWER 2012	2012,2013
HEWER 2014	2014
HEWER 2015	2015,2016,2017
HEWER S2018	2018,2019
PELA 2006	2011,2012,2013,2014,2015
PELA 2016	2016
PELA 2017	2017,2018,2019
PENTAZEN	2019
RENJUSOLVER	2016,2017,2018,2019
SLOWRENJU 2013	2013
SLOWRENJU 2014	2014
SLOWRENJU 2015	2015
SLOWRENJU 2016	2016
SLOWRENJU 2017	2017
SLOWRENJU 2018	2018
SLOWRENJU 2019	2019
TITO 2010	2011,2012,2013
TITO 2014	2014,2015,2016,2017,2018,2019
WHOSE 2017	2017
WHOSE 2018	2018
WHOSE 2019	2019
WULIN	2019
YIXIN 2011	2011
YIXIN 2012	2012
YIXIN 2013	2013
YIXIN 2014	2014
YIXIN 2015	2015
YIXIN 2016	2016
YIXIN 2017	2017
YIXIN 2018	2018,2019
ZETOR 2014	2014
ZETOR 2015	2015
ZETOR 2016	2016
ZETOR 2017	2017,2018,2019
