CARBON 2016	2016
CARBON 2017	2017,2018,2019,2020,2021,2022
EMBRYO 2019	2019
EMBRYO 2020	2020
EMBRYO 2021	2021
EMBRYO 2022	2022
GOFIVE	2018,2019,2020,2021,2022
KATAGOMO 2021	2021,2022
PELA 2016	2016
PELA 2017	2017,2018,2019,2020,2021,2022
PENTAZEN 2019	2019
PENTAZEN 2020	2020
PENTAZEN 2021	2021
PENTAZEN 2022	2022
RAPFI 2021	2021
RAPFI 2022	2022
RENJUSOLVER	2016,2017,2018,2019,2020,2021,2022
SLOWRENJU 2016	2016
SLOWRENJU 2017	2017
SLOWRENJU 2018	2018
SLOWRENJU 2019	2019
SLOWRENJU 2020	2020,2021,2022
WHOSE 2017	2017
WHOSE 2018	2018
WHOSE 2019	2019,2020,2021,2022
WULIN	2019
XL	2016,2017,2018,2019,2020,2021,2022
YIXIN 2016	2016
YIXIN 2017	2017
YIXIN 2018	2018,2019,2020,2021,2022
