ALPHAGOMOKUMK 2019	2019
ALPHAGOMOKUMK 2020	2020
ALPHAGOMOKUMK 2021	2021
ALPHAGOMOKUMK 2022	2022
CARBON 2016	2016
CARBON 2017	2017,2018,2019,2020
DEEPFIRE 2019	2019,2020
EMBRYO 2019	2019
EMBRYO 2020	2020
EMBRYO 2021	2021
EMBRYO 2022	2022
GMOTOR 2011	2011,2012,2013,2014,2015,2016,2017,2018,2019,2020
GOFIVE	2018,2019,2020
HEWER 2010	2011
HEWER 2012	2012,2013
HEWER 2014	2014
HEWER 2015	2015,2016,2017
HEWER 2018	2020,2021,2022
HEWER S2018	2018,2019
JUDE	2007
KATAGOMO 2021	2021,2022
NABAMOKU 2007	2007
ONIX 2007	2007
PECUCHET	2007
PELA 2006	2011,2012,2013,2014,2015
PELA 2016	2016
PELA 2017	2017,2018,2019,2020
PENTAZEN 2019	2019
PENTAZEN 2020	2020
PENTAZEN 2021	2021
PENTAZEN 2022	2022
RAPFI 2021	2021
RAPFI 2022	2022
RENJUSOLVER	2016,2017,2018,2019,2020,2021,2022
SLOWRENJU 2013	2013
SLOWRENJU 2014	2014
SLOWRENJU 2015	2015
SLOWRENJU 2016	2016
SLOWRENJU 2017	2017
SLOWRENJU 2018	2018
SLOWRENJU 2019	2019
SLOWRENJU 2020	2020,2021,2022
TITO 2010	2011,2012,2013
TITO 2014	2014,2015,2016,2017,2018,2019,2020,2021,2022
WHOSE 2017	2017
WHOSE 2018	2018
WHOSE 2019	2019,2020,2021,2022
WULIN	2019
XOXO 2020	2020
XOXO 2021	2021,2022
YIXIN 2011	2011
YIXIN 2012	2012
YIXIN 2013	2013
YIXIN 2014	2014
YIXIN 2015	2015
YIXIN 2016	2016
YIXIN 2017	2017
YIXIN 2018	2018,2019,2020,2021,2022
ZETOR 2014	2014
ZETOR 2015	2015
ZETOR 2016	2016
ZETOR 2017	2017,2018,2019,2020
