ALPHAGOMOKUMK 2019	2019
ALPHAGOMOKUMK 2020	2020
ALPHAGOMOKUMK 2021	2021
ALPHAGOMOKUMK 2022	2022
ALPHAGOMOKUMK 2023	2023
ALPHAGOMOKUMK 2024	2024
ALPHAGOMOKUMK 2025	2025
ALPHAGOMOKUMK 2026	2026
CARBON 2016	2016
CARBON 2017	2017,2018,2019,2020,2021,2022,2023,2024,2025,2026
CHLORIS 2026	2026
DEEPFIRE 2019	2019,2020,2021,2022,2023,2024,2025,2026
EMBRYO 2019	2019
EMBRYO 2020	2020
EMBRYO 2021	2021
EMBRYO 2022	2022
EMBRYO 2023	2023
EMBRYO 2024	2024
EMBRYO 2025	2025
EMBRYO 2026	2026
FIGRID 2025	2025
GMOTOR 2011	2011,2012,2013,2014,2015,2016,2017,2018,2019,2020,2021,2022,2023,2024,2025,2026
GOFIVE	2018,2019,2020,2021,2022,2023,2024,2025,2026
HEWER 2010	2011
HEWER 2012	2012,2013
HEWER 2014	2014
HEWER 2015	2015,2016,2017
HEWER 2018	2020,2021,2022,2023,2024,2025,2026
HEWER S2018	2018,2019
JAX 2024	2024
JAX 2025	2025,2026
KATAGOMO 2021	2021,2022,2023,2024,2025
KATAGOMO 2026	2026
MONAS 2026	2026
PELA 2006	2011,2012,2013,2014,2015
PELA 2016	2016
PELA 2017	2017,2018,2019,2020,2021,2022
PELA 2023	2023,2024,2025,2026
PENTAZEN 2019	2019
PENTAZEN 2020	2020
PENTAZEN 2021	2021
PENTAZEN 2022	2022,2023,2024,2025,2026
RAPFI 2021	2021
RAPFI 2022	2022
RAPFI 2023	2023
RAPFI 2024	2024
RAPFI 2025	2025,2026
RENJUSOLVER	2016,2017,2018,2019,2020,2021,2022,2023
SLOWRENJU 2013	2013
SLOWRENJU 2014	2014
SLOWRENJU 2015	2015
SLOWRENJU 2016	2016
SLOWRENJU 2017	2017
SLOWRENJU 2018	2018
SLOWRENJU 2019	2019
SLOWRENJU 2020	2020,2021,2022,2023,2024,2025,2026
SQUIRREL 2024	2024,2025,2026
TITO 2010	2011,2012,2013
TITO 2014	2014,2015,2016,2017,2018,2019,2020,2021,2022,2023,2024,2025,2026
TKGOMOKU 2026	2026
WHOSE 2017	2017
WHOSE 2018	2018
WHOSE 2019	2019,2020,2021,2022,2023,2024,2025,2026
WULIN	2019
XOXO 2020	2020
XOXO 2021	2021,2022,2023,2024,2025,2026
YIXIN 2011	2011
YIXIN 2012	2012
YIXIN 2013	2013
YIXIN 2014	2014
YIXIN 2015	2015
YIXIN 2016	2016
YIXIN 2017	2017
YIXIN 2018	2018,2019,2020,2021,2022,2023,2024,2025,2026
ZETOR 2014	2014
ZETOR 2015	2015
ZETOR 2016	2016
ZETOR 2017	2017,2018,2019,2020,2021,2022,2023,2024,2025,2026
