ALPHAGOMOKUMK 2018	2018
AMOEBA 2009	2009
AMOEBA 2010	2010,2011,2012,2013,2014,2015
BENJAMIN	2006,2008
BLACKLIST	2007,2015
CARBON 2016	2016
CARBON 2017	2019,2020
CARBON HGARDEN2006	2006
CARBON HGARDEN2007	2007,2012
CHIS 2016	2016
CHIS 2017	2018,2019,2020
CURNPIS	2007
DEEPFIRE 2018	2018
DEEPFIRE 2019	2019
DJALL 2018	2018
EGO 2018	2018
EGO 2019	2019,2020
EMBRYO 2017	2017
EULRING	2016,2017,2018,2019,2020
FASTGOMOKU 2014	2016,2017
FIVEROW	2008,2011
GMOTOR 2005	2005
GMOTOR 2006	2006
GMOTOR 2007	2009,2010
GMOTOR 2011	2011,2012,2013,2014,2018,2019,2020
GOFIVE	2018,2019,2020
GORO 2005	2005
GORO 2009	2009
GORO 2013	2013
HFM 2010	2010
HIGHFIVE	2014,2015
IMRO 2015	2016,2017
JUDE	2007,2008,2009,2012,2013,2014,2015,2016,2017,2018,2020
KANEC 2005	2005
KANEC 2009	2009,2010,2011,2012,2013,2014,2015,2016,2017,2018,2019,2020
LEONARDO	2005,2007
NABAMOKU 2008	2008,2014,2015,2016
NOESIS	2006,2007,2009,2010,2011,2012,2013,2014,2015,2016,2017
ONIX 2007	2007
ONIX 2008	2008
ONIX 2016	2016,2020
PECUCHET	2008,2009,2010,2011,2012,2013,2014,2015,2016,2017,2018,2019,2020
PELA 2006	2006,2007,2009,2012,2013,2014
PELA 2017	2018,2019,2020
PENTAZEN 2019	2019
PENTAZEN 2020	2020
PISQ 7	2005,2006,2015,2016,2017
PUREROCKY PUREGM2008	2008
PUSKVOREC	2015,2016,2017
QMENTAT 6	2010,2012,2013,2014,2015,2016,2017
RAPFI 2018	2018
RENJUSOLVER	2011
RENJUSOLVER BESTMOVE2004	2009,2010
SLOWRENJU 2013	2013
SLOWRENJU 2014	2014
SLOWRENJU 2015	2015
SPARKLE	2017,2018,2019,2020
SPARKLE IGNITOR2016	2016
STARDUST	2019
SWINE 2008	2008
SWINE 2010	2010
SWINE 2011	2011
SWINE 2017	2020
TITO 2014	2020
TRUNKAT	2005,2008
WHOSE 2017	2017
WINE 2017	2017
WULIN	2019
XOXO 2016	2016
XOXO 2017	2017
XOXO 2018	2018
XOXO 2019	2019
YIXIN 2011	2011
YIXIN 2012	2012
ZETOR 2014	2014
ZETOR 2015	2015
ZETOR 2016	2016
ZETOR 2017	2017,2018,2019,2020
