ALPHAGOMOKUMK 2024	2024
ALPHAGOMOKUMK 2025	2025
ALPHAGOMOKUMK 2026	2026
ANGEL 2026	2026
ARBILLO 2022	2024,2025,2026
CARBON 2017	2024,2025,2026
CHIS 2017	2024,2025,2026
CRUSHER 2010	2024,2025,2026
DDQKCONQUER 2022	2024,2025
DDQKCONQUER 2026	2026
DEEPFIRE 2019	2024,2025,2026
DJALL 2018	2024,2025,2026
EGO 2021	2024,2025,2026
EMBRYO 2024	2024
EMBRYO 2025	2025
EMBRYO 2026	2026
EULRING	2024,2025,2026
FASTGOMOKU 2014	2024,2025,2026
FIGRID 2026	2026
GMOTOR 2011	2024,2025,2026
GOFIVE	2024,2025,2026
HEWER 2018	2024,2025,2026
IMRO 2015	2024,2025,2026
JAX 2024	2024
JAX 2025	2025,2026
KANEC 2009	2024,2025
KANEC 2026	2026
KATAGOMO 2026	2026
LIGHTBLUE	2024,2025,2026
MONKEY	2024,2025,2026
OLECHKA 2026	2026
PECUCHET	2024,2025,2026
PELA 2023	2024,2025,2026
PISQ 7	2024,2025,2026
PROLOG	2024,2025,2026
RAPFI 2024	2024
RAPFI 2025	2025,2026
SKYZERO 2026	2026
SLOWRENJU 2020	2024,2025,2026
SQUIRREL 2024	2024,2025,2026
STAHLFAUST	2024,2025,2026
STARPOINT 2026	2026
TITO 2014	2024,2025,2026
TKGOMOKU 2026	2026
TPTC 2025	2025,2026
VIBEFIVE 2026	2026
WHATATEAM	2024,2025,2026
WHOSE 2019	2024,2025,2026
WINE 2018	2024,2025,2026
YIXIN 2018	2024,2025,2026
ZETOR 2017	2024,2025,2026
