                  YIX YIX YIX GOR YIX GOR REN HEW HEW TIT HEW SLO GOR GOR TIT ONI YIX TIT SWI SWI SWI CAR HEW GOR ONI SWI ONI HGA TIT GOR HEW YIX GOR GOR TIT HEW PEL SWI SWI PEL GMO GOR PEL HFM HGA SWI ONI SWI SWI SLO GOR PEL SLO CHI SWI KAN SLO KAN HIG SWI GOR HFM HGA BET KAN ZET GMO GMO EUL BES AMO AMO ZET HFM ZET PEC JUD KAN XOX HEW QME IGN KRY HEW NOE LIC LIC QME QME PIS TRU GMO IMR QME NAB PUS PUR PUR PIS FAS PIS FAS PIS PIS IMR LEO BEN BRU VAL STA PUR NAB FIV AI  HRU AI  DEE PUR XOX PUR DOL CUR CRU FAS CRU PRO PUR AI  MUS
YIXIN 2015            885 998 999 999 999 999 999 999 999 999 999 999 999 999 999 999 999 999 99910001000 999 999 9991000 999100010001000100010001000100010001000100010001000100010001000100010001000100010001000100010001000100010001000100010001000100010001000100010001000100010001000100010001000100010001000100010001000100010001000100010001000100010001000100010001000100010001000100010001000100010001000100010001000100010001000100010001000100010001000100010001000100010001000100010001000100010001000100010001000100010001000100010001000
YIXIN 2016        114     991 999 999 999 9991000 9991000 9991000 999 99910001000 999 99910001000100010001000100010001000 999100010001000100010001000100010001000100010001000100010001000100010001000100010001000100010001000100010001000100010001000100010001000100010001000100010001000100010001000100010001000100010001000100010001000100010001000100010001000100010001000100010001000100010001000100010001000100010001000100010001000100010001000100010001000100010001000100010001000100010001000100010001000100010001000100010001000100010001000
YIXIN 2014          1   8     876 897 970 998 999 999 999 999 999 999 999 999 999 999 999 999 999 999 999 999 999 999 999 999 999 999 999 999 999 999 999 999 99910001000100010001000100010001000100010001000100010001000100010001000100010001000100010001000 999100010001000100010001000100010001000100010001000100010001000100010001000100010001000100010001000100010001000100010001000100010001000100010001000100010001000100010001000100010001000100010001000100010001000100010001000100010001000100010001000100010001000100010001000100010001000
GORO 2015           0   0 123     567 741 971 997 985 998 998 999 998 998 999 999 999 999 999 999 999 999 999 999 999 999 999 999 999 999 999 999 999 999 999 9991000 999 9991000100010001000100010001000 999 99910001000100010001000100010001000100010001000 99910001000100010001000100010001000100010001000100010001000100010001000100010001000100010001000100010001000100010001000 999100010001000100010001000100010001000100010001000100010001000100010001000100010001000100010001000100010001000100010001000100010001000100010001000100010001000
YIXIN 2013          0   0 102 432     659 939 988 970 992 998 997 998 996 999 999 999 999 999 999 999 999 999 999 999 999 999 999 999 999 999 999 999 999 999 999 999 999 99910001000100010001000 999 999 999 99910001000 99910001000100010001000100010001000 99910001000100010001000100010001000100010001000100010001000100010001000100010001000100010001000100010001000100010001000 999100010001000100010001000100010001000100010001000100010001000100010001000100010001000100010001000100010001000100010001000100010001000100010001000100010001000
GORO 2016           0   0  29 258 340     941 996 969 998 998 999 997 997 999 999 999 999 999 999 999 999 999 999 999 999 9991000 999 999 999 999 999 999 999 99910001000100010001000100010001000100010001000 99910001000100010001000100010001000100010001000 99910001000100010001000100010001000100010001000100010001000100010001000100010001000100010001000100010001000100010001000 999100010001000100010001000100010001000100010001000100010001000100010001000100010001000100010001000100010001000100010001000100010001000100010001000100010001000
RENJUSOLVER         0   0   1  28  60  58     920 813 959 979 992 974 978 999 999 996 994 999 999 999 999 999 999 999 999 9991000 999 999 999 999 999 999 999 99910001000100010001000100010001000100010001000 99910001000100010001000100010001000100010001000 99910001000100010001000100010001000100010001000100010001000100010001000100010001000100010001000100010001000100010001000 999100010001000100010001000100010001000100010001000100010001000100010001000100010001000100010001000100010001000100010001000100010001000100010001000100010001000
HEWER 2015          0   0   0   2  11   3  79     515 609 821 882 863 885 990 980 963 971 994 999 999 999 999 999 999 999 9991000 999 999 999 999 999 999 999 9991000 999 99910001000100010001000 9991000 999 99910001000 99910001000100010001000100010001000 99910001000100010001000100010001000100010001000100010001000100010001000100010001000100010001000100010001000100010001000 999100010001000100010001000100010001000100010001000100010001000100010001000100010001000100010001000100010001000100010001000100010001000100010001000100010001000
HEWER 2014          0   0   0  14  29  30 186 484     546 735 753 801 849 931 918 911 945 985 994 998 999 997 998 998 999 997 999 999 999 999 999 999 999 999 999 999 999 999 9991000 999 999 999 999 999 999 99910001000 999 9991000100010001000100010001000 99910001000100010001000100010001000100010001000100010001000100010001000100010001000100010001000100010001000100010001000 999100010001000100010001000100010001000100010001000100010001000100010001000100010001000100010001000100010001000100010001000100010001000100010001000100010001000
TITO 2014           0   0   0   1   7   1  40 390 453     776 837 834 867 986 972 952 964 993 999 999 999 999 999 999 999 9991000 999 999 999 999 999 999 999 9991000 999 99910001000100010001000 9991000 999 99910001000 99910001000100010001000100010001000 99910001000100010001000100010001000100010001000100010001000100010001000100010001000100010001000100010001000100010001000 999100010001000100010001000100010001000100010001000100010001000100010001000100010001000100010001000100010001000100010001000100010001000100010001000100010001000
HEWER 2012          0   0   0   1   1   1  20 178 264 223     505 642 675 868 817 835 893 950 992 997 999 993 996 997 999 994 999 999 999 999 999 999 999 999 999 999 999 99910001000 9991000 999 999 999 999 99910001000 99910001000100010001000100010001000 99910001000100010001000100010001000100010001000100010001000100010001000100010001000100010001000100010001000100010001000 999100010001000100010001000100010001000100010001000100010001000100010001000100010001000100010001000100010001000100010001000100010001000100010001000100010001000
SLOWRENJU 2016      0   0   0   0   2   0   7 117 246 162 494     635 681 865 851 827 900 959 993 999 999 995 997 998 999 995 999 999 999 999 999 999 999 999 999 999 999 99910001000 9991000 999 999 999 999 99910001000 99910001000100010001000100010001000 99910001000100010001000100010001000100010001000100010001000100010001000100010001000100010001000100010001000100010001000 999100010001000100010001000100010001000100010001000100010001000100010001000100010001000100010001000100010001000100010001000100010001000100010001000100010001000
GORO 2013           0   0   0   1   1   2  25 136 198 165 357 364     544 673 664 680 810 875 941 968 994 975 982 984 994 980 999 998 997 999 999 999 999 999 999 999 999 999 999 999 999 999 999 999 999 999 999 999 999 999 99910001000 9991000100010001000 99910001000 99910001000100010001000100010001000100010001000100010001000100010001000100010001000100010001000100010001000 999100010001000100010001000100010001000100010001000100010001000100010001000100010001000100010001000100010001000100010001000100010001000100010001000100010001000
GORO 2014           0   0   0   1   3   2  21 114 150 132 324 318 455     606 612 628 777 867 913 951 989 965 974 977 985 972 999 997 995 998 999 999 999 999 999 999 999 999 999 999 999 999 999 999 999 999 999 999 999 999 999 9991000 9991000100010001000 999 9991000 99910001000100010001000100010001000100010001000100010001000100010001000100010001000100010001000100010001000 999100010001000100010001000100010001000100010001000100010001000100010001000100010001000100010001000100010001000100010001000100010001000100010001000100010001000
TITO 2010           0   0   0   0   0   0   0   9  68  13 131 134 326 393     521 555 752 843 958 984 999 976 987 987 995 982 999 999 999 999 999 999 999 999 999 999 999 99910001000 9991000 999 999 999 999 99910001000 99910001000100010001000100010001000 99910001000100010001000100010001000100010001000100010001000100010001000100010001000100010001000100010001000100010001000 999100010001000100010001000100010001000100010001000100010001000100010001000100010001000100010001000100010001000100010001000100010001000100010001000100010001000
ONIX 2016           0   0   0   0   0   0   0  19  81  27 182 148 335 387 478     529 727 810 906 964 997 962 973 977 987 970 999 998 996 999 999 999 999 999 999 999 999 99910001000 999 999 999 999 999 999 999 9991000 999 9991000100010001000100010001000 99910001000100010001000100010001000100010001000100010001000100010001000100010001000100010001000100010001000100010001000 999100010001000100010001000100010001000100010001000100010001000100010001000100010001000100010001000100010001000100010001000100010001000100010001000100010001000
YIXIN 2012          0   0   0   0   0   0   3  36  88  47 164 172 319 371 444 470     698 774 881 921 984 947 962 966 980 960 999 996 993 998 999 999 999 999 999 999 999 999 999 999 999 999 999 999 999 999 999 999 999 999 999 9991000 9991000100010001000 99910001000 99910001000100010001000100010001000100010001000100010001000100010001000100010001000100010001000100010001000 999100010001000100010001000100010001000100010001000100010001000100010001000100010001000100010001000100010001000100010001000100010001000100010001000100010001000
TITO 2007           0   0   0   0   0   0   5  28  54  35 106  99 189 222 247 272 301     547 617 678 843 813 839 847 878 856 943 941 931 959 971 993 997 995 998 999 999 999 999 999 999 999 999 999 999 999 999 999 999 999 999 999 999 999 999 999 999 999 999 999 999 999 999 99910001000 999100010001000100010001000100010001000100010001000100010001000100010001000100010001000 99910001000100010001000100010001000 999100010001000100010001000100010001000100010001000100010001000100010001000100010001000100010001000100010001000100010001000
SWINE 2014          0   0   0   0   0   0   0   5  14   6  49  40 124 132 156 189 225 452     577 654 857 808 838 848 884 855 964 954 941 972 982 996 998 997 999 999 999 999 999 999 999 999 999 999 999 999 999 999 999 999 999 999 999 999 999 9991000 999 999 999 999 999 9991000100010001000100010001000100010001000100010001000100010001000100010001000100010001000100010001000 999100010001000100010001000100010001000100010001000100010001000100010001000100010001000100010001000100010001000100010001000100010001000100010001000100010001000
SWINE 2011          0   0   0   0   0   0   0   0   5   0   7   6  58  86  41  93 118 382 422     594 867 792 832 841 888 856 987 967 960 988 994 999 999 998 999 999 999 999 999 999 999 999 999 999 999 999 999 999 999 999 999 9991000 9991000100010001000 999 9991000 99910001000100010001000100010001000100010001000100010001000100010001000100010001000100010001000100010001000 999100010001000100010001000100010001000100010001000100010001000100010001000100010001000100010001000100010001000100010001000100010001000100010001000100010001000
SWINE 2015          0   0   0   0   0   0   0   0   1   0   2   0  31  48  15  35  78 321 345 405     869 758 801 815 867 823 993 966 944 986 991 998 999 998 999 999 999 99910001000 999 999 999 999 999 999 999 999 999 999 99910001000 9991000100010001000 99910001000 99910001000100010001000100010001000100010001000100010001000100010001000100010001000100010001000100010001000 999100010001000100010001000100010001000100010001000100010001000100010001000100010001000100010001000100010001000100010001000100010001000100010001000100010001000
CARBON              0   0   0   0   0   0   0   0   0   0   0   0   5  10   0   2  15 156 142 132 130     536 587 600 672 653 876 842 814 906 941 991 997 992 999 999 999 999 999 999 999 999 999 999 999 999 999 999 999 999 999 9991000 9991000100010001000 999 9991000 99910001000100010001000100010001000100010001000100010001000100010001000100010001000100010001000100010001000 999100010001000100010001000100010001000100010001000100010001000100010001000100010001000100010001000100010001000100010001000100010001000100010001000100010001000
HEWER 2009          0   0   0   0   0   0   0   0   2   0   6   4  24  34  23  37  52 186 191 207 241 463     538 550 602 600 685 741 719 780 838 957 976 967 988 994 994 998 999 999 999 999 999 999 999 999 999 999 999 999 999 999 999 999 999 999 999 999 999 999 999 999 999 99910001000 999100010001000100010001000100010001000100010001000100010001000100010001000100010001000 99910001000100010001000100010001000 999100010001000100010001000100010001000100010001000100010001000100010001000100010001000100010001000100010001000100010001000
GORO 2010           0   0   0   0   0   0   0   0   1   0   3   2  17  25  12  26  37 160 161 167 198 412 461     508 564 568 640 691 689 762 817 951 972 961 985 993 996 997 999 999 999 999 999 999 999 999 999 999 999 999 999 999 999 999 999 999 999 999 999 999 999 999 999 99910001000 999100010001000100010001000100010001000100010001000100010001000100010001000100010001000 99910001000100010001000100010001000 999100010001000100010001000100010001000100010001000100010001000100010001000100010001000100010001000100010001000100010001000
ONIX 2008           0   0   0   0   0   0   0   0   1   0   2   1  15  22  12  22  33 152 151 158 184 399 449 491     556 561 634 701 682 747 814 951 973 963 990 993 994 998 999 999 999 999 999 999 999 999 999 999 999 999 999 999 999 999 999 999 999 999 999 999 999 999 999 99910001000 999100010001000100010001000100010001000100010001000100010001000100010001000100010001000 99910001000100010001000100010001000 999100010001000100010001000100010001000100010001000100010001000100010001000100010001000100010001000100010001000100010001000
SWINE 2013          0   0   0   0   0   0   0   0   0   0   0   0   5  14   4  12  19 121 115 111 132 327 397 435 443     512 561 630 632 697 775 940 965 952 981 991 992 996 999 999 999 999 999 999 999 999 999 999 999 999 999 999 999 999 999 999 999 999 999 999 999 999 999 99910001000 999100010001000100010001000100010001000100010001000100010001000100010001000100010001000 99910001000100010001000100010001000 999100010001000100010001000100010001000100010001000100010001000100010001000100010001000100010001000100010001000100010001000
ONIX 2010           0   0   0   0   0   0   0   0   2   0   5   4  19  27  17  29  39 143 144 143 176 346 399 431 438 487     532 596 606 656 733 905 934 924 960 974 978 988 997 998 997 998 998 997 998 998 998 999 999 999 999 999 999 999 999 999 999 999 999 999 999 999 999 999 999 999 999 999 999 9991000 999 999100010001000100010001000100010001000100010001000100010001000 99910001000100010001000100010001000 999100010001000100010001000100010001000100010001000100010001000100010001000100010001000100010001000100010001000100010001000
HGARDEN 2007        0   0   0   0   0   0   0   0   0   0   0   0   0   0   0   0   0  56  35  12   6 123 314 359 365 438 467     629 622 740 836 974 992 978 997 999 999 99910001000 999 999 999 999 999 999 999 999 999 999 999 9991000 9991000100010001000 99910001000 99910001000100010001000100010001000100010001000100010001000100010001000100010001000100010001000100010001000 99910001000100010001000100010001000 999100010001000100010001000100010001000100010001000100010001000100010001000100010001000100010001000100010001000100010001000
TITO 2008           0   0   0   0   0   0   0   0   0   0   0   0   1   2   0   1   3  58  45  32  33 157 258 308 298 369 403 370     514 578 689 921 959 941 986 992 992 998 999 999 999 999 999 999 999 999 999 999 999 999 999 999 999 999 999 9991000 999 999 999 999 999 999100010001000 999100010001000100010001000100010001000100010001000100010001000100010001000100010001000 99910001000100010001000100010001000 999100010001000100010001000100010001000100010001000100010001000100010001000100010001000100010001000100010001000100010001000
GORO 2011           0   0   0   0   0   0   0   0   0   0   0   0   2   4   0   3   6  68  58  39  55 185 280 310 317 367 393 377 485     557 667 898 935 920 965 982 984 992 999 999 999 999 999 998 999 999 999 999 999 999 999 999 999 999 999 999 999 999 999 999 999 999 999 99910001000 999100010001000100010001000100010001000100010001000100010001000100010001000100010001000 99910001000100010001000100010001000 999100010001000100010001000100010001000100010001000100010001000100010001000100010001000100010001000100010001000100010001000
HEWER 2010          0   0   0   0   0   0   0   0   0   0   0   0   0   1   0   0   1  40  27  11  13  93 219 237 252 302 343 259 421 442     637 906 948 927 974 991 993 996 999 999 999 999 999 999 999 999 999 999 999 999 999 999 999 999 999 9991000 999 999 999 999 999 999100010001000 999100010001000100010001000100010001000100010001000100010001000100010001000100010001000 99910001000100010001000100010001000 999100010001000100010001000100010001000100010001000100010001000100010001000100010001000100010001000100010001000100010001000
YIXIN 2011          0   0   0   0   0   0   0   0   0   0   0   0   0   0   0   0   0  28  17   5   8  58 161 182 185 224 266 163 310 332 362     841 896 877 943 972 975 988 999 999 998 999 999 998 999 998 998 999 999 999 999 999 999 999 999 999 999 999 999 999 999 999 999 99910001000 999100010001000100010001000100010001000100010001000100010001000100010001000100010001000 99910001000100010001000100010001000 999100010001000100010001000100010001000100010001000100010001000100010001000100010001000100010001000100010001000100010001000
GORO 2012           0   0   0   0   0   0   0   0   0   0   0   0   0   0   0   0   0   6   3   0   1   8  42  48  48  59  94  25  78 101  93 158     565 588 679 718 777 860 931 947 953 971 972 962 971 972 978 997 998 991 999 999 999 999 999 999 999 999 997 999 999 999 999 999 999 999 999 999 999 9991000 999 9991000100010001000100010001000100010001000100010001000 9991000 99910001000100010001000100010001000 999100010001000100010001000100010001000100010001000100010001000100010001000100010001000100010001000100010001000100010001000
GORO 2005           0   0   0   0   0   0   0   0   0   0   0   0   0   0   0   0   0   2   1   0   0   2  23  27  26  34  65   7  40  64  51 103 434     539 630 668 742 841 929 942 950 971 971 975 971 971 978 999 998 991 999 999 999 999 999 999 999 999 997 999 999 999 999 999 999 999 99910001000 99910001000 999100010001000100010001000100010001000100010001000100010001000 99910001000100010001000100010001000 999100010001000100010001000100010001000100010001000100010001000100010001000100010001000100010001000100010001000100010001000
TITO 2006           0   0   0   0   0   0   0   0   0   0   0   0   0   0   0   0   0   4   2   1   1   7  32  38  36  47  75  21  58  79  72 122 411 460     580 607 683 783 852 871 907 928 940 951 941 947 959 996 993 981 998 999 999 999 999 999 999 999 994 999 999 999 999 999 999 999 999 999 999 999 999 999 999 99910001000 999100010001000100010001000100010001000 9991000 99910001000100010001000100010001000 999100010001000100010001000100010001000100010001000100010001000100010001000100010001000100010001000100010001000100010001000
HEWER 2008          0   0   0   0   0   0   0   0   0   0   0   0   0   0   0   0   0   1   0   0   0   0  11  14   9  18  39   2  13  34  25  56 320 369 419     523 620 763 833 859 899 927 957 922 936 941 955 994 995 980 998 999 999 999 999 999 999 999 994 999 999 999 999 999 999 999 999 9991000 9991000 999 9991000100010001000100010001000100010001000100010001000 9991000 99910001000100010001000100010001000 999100010001000100010001000100010001000100010001000100010001000100010001000100010001000100010001000100010001000100010001000
PELA ACA2015        0   0   0   0   0   0   0   0   0   0   0   0   0   0   0   0   0   0   0   0   0   0   5   6   6   8  25   0   7  17   8  27 281 331 392 476     613 751 873 911 917 957 952 935 950 952 963 997 998 985 999 999 999 999 999 999 999 999 995 999 999 999 999 999 9991000 99910001000 999100010001000100010001000100010001000100010001000100010001000100010001000 99910001000100010001000100010001000 999100010001000100010001000100010001000100010001000100010001000100010001000100010001000100010001000100010001000100010001000
SWINE 2010          0   0   0   0   0   0   0   0   0   0   0   0   0   0   0   0   0   0   0   0   0   0   5   3   5   7  21   0   7  15   6  24 222 257 316 379 386     639 713 756 832 868 892 875 892 905 929 987 990 966 996 999 999 999 999 999 999 999 990 999 999 999 999 999 999 999 999 999 999 9991000 999 999100010001000 999100010001000100010001000100010001000 9991000 99910001000100010001000100010001000 999100010001000100010001000100010001000100010001000100010001000100010001000100010001000100010001000100010001000100010001000
SWINE 2008          0   0   0   0   0   0   0   0   0   0   0   0   0   0   0   0   0   0   0   0   0   0   1   2   1   3  11   0   1   7   3  11 139 158 216 236 248 360     525 579 719 748 827 791 808 837 878 965 971 935 988 996 999 997 999 999 999 999 982 999 999 999 999 999 999 999 999 999 999 999 999 999 999100010001000 999100010001000100010001000100010001000 9991000 99910001000100010001000100010001000 999100010001000100010001000100010001000100010001000100010001000100010001000100010001000100010001000100010001000100010001000
PELA 2006           0   0   0   0   0   0   0   0   0   0   0   0   0   0   0   0   0   0   0   0   0   0   0   0   0   0   2   0   0   0   0   0  68  70 147 166 126 286 474     635 775 853 871 841 868 882 911 995 997 963 998 999 999 999 999 9991000 999 989 999 999 999 999 99910001000 999100010001000100010001000100010001000100010001000100010001000100010001000100010001000 99910001000100010001000100010001000 999100010001000100010001000100010001000100010001000100010001000100010001000100010001000100010001000100010001000100010001000
GMOTOR 2011         0   0   0   0   0   0   0   0   0   0   0   0   0   0   0   0   0   0   0   0   0   0   0   0   0   0   1   0   0   0   0   0  52  57 128 140  88 243 420 364     719 807 831 803 830 853 892 991 995 952 997 999 999 999 999 9991000 999 987 999 999 999 999 99910001000 999100010001000100010001000100010001000100010001000100010001000100010001000100010001000 99910001000100010001000100010001000 999100010001000100010001000100010001000100010001000100010001000100010001000100010001000100010001000100010001000100010001000
GORO 2009           0   0   0   0   0   0   0   0   0   0   0   0   0   0   0   0   0   0   0   0   0   0   0   0   0   0   2   0   0   0   0   1  46  49  92 100  82 167 280 224 280     507 628 626 637 697 772 903 919 865 968 986 998 995 997 998 999 999 962 998 999 998 999 999 999 999 999 999 999 999 999 999 999100010001000 999100010001000100010001000100010001000 9991000 99910001000100010001000100010001000 999100010001000100010001000100010001000100010001000100010001000100010001000100010001000100010001000100010001000100010001000
PELA 2016           0   0   0   0   0   0   0   0   0   0   0   0   0   0   0   0   0   0   0   0   0   0   0   0   0   0   1   0   0   0   0   0  28  28  71  72  42 131 251 146 192 492     638 633 648 710 786 933 950 882 980 994 999 996 999 999 999 999 968 999 999 999 999 999 999 999 99910001000 99910001000 9991000100010001000100010001000100010001000100010001000 9991000 99910001000100010001000100010001000 999100010001000100010001000100010001000100010001000100010001000100010001000100010001000100010001000100010001000100010001000
HFM 2008            0   0   0   0   0   0   0   0   0   0   0   0   0   0   0   0   0   0   0   0   0   0   0   0   0   0   1   0   0   0   0   0  27  28  59  42  47 107 172 128 168 371 361     510 514 591 683 819 843 794 933 965 990 980 991 993 998 996 938 993 998 995 999 999 999 999 999 999 999 999 999 999 999 99910001000 999100010001000100010001000100010001000 9991000 99910001000100010001000100010001000 999100010001000100010001000100010001000100010001000100010001000100010001000100010001000100010001000100010001000100010001000
HGARDEN 2006        0   0   0   0   0   0   0   0   0   0   0   0   0   0   0   0   0   0   0   0   0   0   0   0   0   0   2   0   0   1   0   1  37  24  48  77  64 124 208 158 196 373 366 489     502 575 665 808 809 773 921 946 977 967 987 985 994 990 928 987 995 992 999 999 999 999 999 999 999 999 999 999 999 999 9991000 9991000 999100010001000 999100010001000 9991000 99910001000100010001000100010001000 999100010001000100010001000100010001000100010001000100010001000100010001000100010001000100010001000100010001000100010001000
SWINE 2007          0   0   0   0   0   0   0   0   0   0   0   0   0   0   0   0   0   0   0   0   0   0   0   0   0   0   1   0   0   0   0   0  28  28  58  63  49 107 191 131 169 362 351 485 497     580 670 803 824 781 924 956 985 974 991 990 997 994 933 995 997 993 999 999 999 999 999 999 999 999 999 999 999 99910001000 9991000 9991000100010001000100010001000 9991000 99910001000100010001000100010001000 999100010001000100010001000100010001000100010001000100010001000100010001000100010001000100010001000100010001000100010001000
ONIX 2007           0   0   0   0   0   0   0   0   0   0   0   0   0   0   0   0   0   0   0   0   0   0   0   0   0   0   1   0   0   0   0   1  27  28  52  58  47  94 162 117 146 302 289 408 424 419     596 707 732 709 867 909 951 942 966 967 984 976 901 978 988 981 996 999 999 999 999 999 999 999 999 999 999 999 999 999 999 999 999100010001000 999100010001000 9991000 99910001000100010001000100010001000 999100010001000100010001000100010001000100010001000100010001000100010001000100010001000100010001000100010001000100010001000
SWINE 2004          0   0   0   0   0   0   0   0   0   0   0   0   0   0   0   0   0   0   0   0   0   0   0   0   0   0   1   0   0   0   0   1  21  21  40  44  36  70 121  88 107 227 213 316 334 329 403     585 611 630 781 828 881 883 906 915 942 932 851 933 964 955 987 996 999 999 999 999 999 999 999 999 999 999 999 999 999 999 999 999 999 999 9991000 999 999 9991000 9991000 9991000 9991000100010001000 999100010001000100010001000100010001000100010001000100010001000 99910001000100010001000100010001000100010001000100010001000
SWINE 2005          0   0   0   0   0   0   0   0   0   0   0   0   0   0   0   0   0   0   0   0   0   0   0   0   0   0   0   0   0   0   0   0   2   0   3   5   2  12  34   4   8  96  66 180 191 196 292 414     539 552 814 842 924 903 956 951 984 967 845 960 984 984 999 999 999 999 999 999 999 999 999 999 999 99910001000 9991000 9991000100010001000100010001000 9991000 99910001000100010001000100010001000 999100010001000100010001000100010001000100010001000100010001000100010001000100010001000100010001000100010001000100010001000
SLOWRENJU 2014      0   0   0   0   0   0   0   0   0   0   0   0   0   0   0   0   0   0   0   0   0   0   0   0   0   0   0   0   0   0   0   0   1   1   6   4   1   9  28   2   4  80  49 156 190 175 267 388 460     523 745 821 910 889 928 943 981 966 830 950 981 966 994 999 999 999 999 999 999 999 999 999 999 99910001000 9991000 999100010001000 999100010001000 9991000 99910001000100010001000100010001000 999100010001000100010001000100010001000100010001000100010001000100010001000100010001000100010001000100010001000100010001000
GORO 2004           0   0   0   0   0   0   0   0   0   0   0   0   0   0   0   0   0   0   0   0   0   0   0   0   0   0   0   0   0   0   0   0   8   8  18  19  14  33  64  36  47 134 117 205 226 218 290 369 447 476     681 734 798 813 840 852 890 879 791 885 933 922 974 992 997 998 998 999 999 999 999 999 999 999 999 999 999 999 999 999 999 999 9991000 999 999 9991000 9991000 9991000 9991000100010001000 999100010001000100010001000100010001000100010001000100010001000 99910001000100010001000100010001000100010001000100010001000
PELA 2005           0   0   0   0   0   0   0   0   0   0   0   0   0   0   0   0   0   0   0   0   0   0   0   0   0   0   0   0   0   0   0   0   0   0   1   1   0   3  11   1   2  31  19  66  78  75 132 218 185 254 318     559 632 682 713 728 785 773 684 793 876 889 979 987 996 997 999 999 999 999 999 999 999 999 999 999 999 999 999 99910001000 999100010001000 9991000 9991000 999100010001000100010001000 999100010001000100010001000100010001000100010001000100010001000 99910001000100010001000100010001000100010001000100010001000
SLOWRENJU 2013      0   0   0   0   0   0   0   0   0   0   0   0   0   0   0   0   0   0   0   0   0   0   0   0   0   0   0   0   0   0   0   0   0   0   0   0   0   0   3   0   0  13   5  34  53  43  90 171 157 178 265 440     576 642 667 694 768 749 654 769 869 843 951 989 998 999 998 999 999 999 999 999 999 999 9991000 999 999 999100010001000 999100010001000 9991000 99910001000100010001000100010001000 999100010001000100010001000100010001000100010001000100010001000 99910001000100010001000100010001000100010001000100010001000
CHIS                0   0   0   0   0   0   0   0   0   0   0   0   0   0   0   0   0   0   0   0   0   0   0   0   0   0   0   0   0   0   0   0   0   0   0   0   0   0   0   0   0   1   0   9  22  14  48 118  75  89 201 367 423     600 628 663 787 737 624 755 876 840 961 994 999 999 999 999 999 999 999 999 999 99910001000 9991000 999100010001000 999100010001000 9991000 99910001000100010001000100010001000 999100010001000100010001000100010001000100010001000100010001000100010001000100010001000100010001000100010001000100010001000
SWINE 2009          0   0   0   0   0   0   0   0   0   0   0   0   0   0   0   0   0   0   0   0   0   0   0   0   0   0   0   0   0   0   0   0   0   0   0   0   0   0   2   0   0   4   3  19  32  25  57 116  96 110 186 317 357 399     500 522 568 579 558 629 749 734 887 963 985 991 992 999 999 999 999 999 999 999 999 999 999 999 999 999 999 999 999100010001000 9991000 9991000 9991000 9991000100010001000 999100010001000100010001000100010001000100010001000100010001000 99910001000100010001000100010001000100010001000100010001000
KANEC 2006          0   0   0   0   0   0   0   0   0   0   0   0   0   0   0   0   0   0   0   0   0   0   0   0   0   0   0   0   0   0   0   0   0   0   0   0   0   0   0   0   0   2   0   8  12   8  33  93  43  71 159 286 332 371 499     527 589 597 561 658 786 767 926 981 997 999 997 999 999 999 999 999 999 99910001000 9991000 999100010001000 999100010001000 9991000 99910001000100010001000100010001000 999100010001000100010001000100010001000100010001000100010001000 99910001000100010001000100010001000100010001000100010001000
SLOWRENJU 2015      0   0   0   0   0   0   0   0   0   0   0   0   0   0   0   0   0   0   0   0   0   0   0   0   0   0   0   0   0   0   0   0   0   0   0   0   0   0   0   0   0   1   0   6  14   9  32  84  48  56 147 271 305 336 477 472     560 576 548 630 773 748 914 980 997 999 996 999 999 999 999 999 999 99910001000 9991000 999100010001000 999100010001000 9991000 99910001000100010001000100010001000 999100010001000100010001000100010001000100010001000100010001000 99910001000100010001000100010001000100010001000100010001000
KANEC 2009          0   0   0   0   0   0   0   0   0   0   0   0   0   0   0   0   0   0   0   0   0   0   0   0   0   0   0   0   0   0   0   0   0   0   0   0   0   0   0   0   0   0   0   1   5   2  15  57  15  18 109 214 231 212 431 410 439     535 526 609 784 745 929 990 999 999 998 999 999 9991000 999 999 99910001000 99910001000100010001000 999100010001000 9991000 99910001000100010001000100010001000 999100010001000100010001000100010001000100010001000100010001000100010001000100010001000100010001000100010001000100010001000
HIGHFIVE            0   0   0   0   0   0   0   0   0   0   0   0   0   0   0   0   0   0   0   0   0   0   0   0   0   0   0   0   0   0   0   0   0   0   0   0   0   0   0   0   0   0   0   3   9   5  23  67  32  33 120 226 250 262 420 402 423 464     512 573 726 706 892 974 996 998 995 999 999 999 999 999 999 99910001000 9991000 999100010001000 999100010001000 9991000 99910001000100010001000100010001000 999100010001000100010001000100010001000100010001000100010001000 99910001000100010001000100010001000100010001000100010001000
SWINE 2003          0   0   0   0   0   0   0   0   0   0   0   0   0   0   0   0   0   0   0   0   0   0   0   0   0   0   0   0   0   0   0   0   2   2   5   5   4   9  17  10  12  37  31  61  71  66  98 148 154 169 208 315 345 375 441 438 451 473 487     530 618 620 759 856 884 895 944 978 982 977 984 990 997 999 999 999 999 999 999 999 999 999 999 999 999 999 999 999 998 999 999 999 999 999 999 999 999 999 999 999 999 999 999 999100010001000100010001000 99910001000 99910001000100010001000 99910001000100010001000100010001000
GORO 2007           0   0   0   0   0   0   0   0   0   0   0   0   0   0   0   0   0   0   0   0   0   0   0   0   0   0   0   0   0   0   0   0   0   0   0   0   0   0   0   0   0   1   0   6  12   4  21  66  39  49 114 206 230 244 370 341 369 390 426 469     636 632 826 935 971 983 986 999 999 998 999 999 999 999 999 999 999 999 999 999 999 999 999100010001000 9991000 9991000 9991000 9991000100010001000 999100010001000100010001000100010001000100010001000100010001000 99910001000100010001000100010001000100010001000100010001000
HFM 2010            0   0   0   0   0   0   0   0   0   0   0   0   0   0   0   0   0   0   0   0   0   0   0   0   0   0   0   0   0   0   0   0   0   0   0   0   0   0   0   0   0   0   0   1   4   2  11  35  15  18  66 123 130 123 250 213 226 215 273 381 363     511 733 885 940 960 972 998 999 997 999 999 999 999 999 999 999 999 999 999 999 999 999100010001000 9991000 9991000 9991000 9991000100010001000 999100010001000100010001000100010001000100010001000100010001000 99910001000100010001000100010001000100010001000100010001000
HGARDEN 2005        0   0   0   0   0   0   0   0   0   0   0   0   0   0   0   0   0   0   0   0   0   0   0   0   0   0   0   0   0   0   0   0   0   0   0   0   0   0   0   0   0   1   0   4   7   6  18  44  15  33  77 110 156 159 265 232 251 254 293 379 367 488     727 849 899 917 974 994 997 991 997 998 999 999 999 999 999 999 999 999 999 999 999 999 999 999 9991000 9981000 9991000 9991000100010001000 999100010001000100010001000100010001000100010001000100010001000 99910001000100010001000100010001000100010001000100010001000
BETA                0   0   0   0   0   0   0   0   0   0   0   0   0   0   0   0   0   0   0   0   0   0   0   0   0   0   0   0   0   0   0   0   0   0   0   0   0   0   0   0   0   0   0   0   0   0   3  12   0   5  25  20  48  38 112  73  85  70 107 240 173 266 272     693 755 784 925 978 989 972 988 992 998 999 999 999 999 999 999 999 999 999 999 999 999 999 9991000 9971000 9991000 9991000100010001000 999100010001000100010001000100010001000100010001000100010001000 99910001000100010001000100010001000100010001000100010001000
KANEC 2008          0   0   0   0   0   0   0   0   0   0   0   0   0   0   0   0   0   0   0   0   0   0   0   0   0   0   0   0   0   0   0   0   0   0   0   0   0   0   0   0   0   0   0   0   0   0   0   3   0   0   7  12  10   5  36  18  19   9  25 143  64 114 150 306     541 572 798 936 957 928 963 977 995 999 999 999 999 999 999 999 999 999 999 999 999 999 9991000 9951000 9991000 9991000100010001000 999100010001000100010001000100010001000100010001000100010001000 99910001000100010001000100010001000100010001000100010001000
ZETOR 2016          0   0   0   0   0   0   0   0   0   0   0   0   0   0   0   0   0   0   0   0   0   0   0   0   0   0   0   0   0   0   0   0   0   0   0   0   0   0   0   0   0   0   0   0   0   0   0   0   0   0   2   3   1   0  14   2   2   0   3 115  28  59 100 244 458     537 808 979 985 953 992 992 998 999 999 999 999 999 999 9991000 999 999100010001000 9991000 9961000 9991000 9991000100010001000 999100010001000100010001000100010001000100010001000100010001000 99910001000100010001000100010001000100010001000100010001000
GMOTOR 2007         0   0   0   0   0   0   0   0   0   0   0   0   0   0   0   0   0   0   0   0   0   0   0   0   0   0   0   0   0   0   0   0   0   0   0   0   0   0   0   0   0   0   0   0   0   0   0   0   0   0   1   2   0   0   8   0   0   0   1 104  16  39  82 215 427 462     802 977 992 960 996 994 998 999 9991000 999 999 999 99910001000 999100010001000 9991000 9961000 9991000 9991000100010001000 999100010001000100010001000100010001000100010001000100010001000 99910001000100010001000100010001000100010001000100010001000
GMOTOR 2005         0   0   0   0   0   0   0   0   0   0   0   0   0   0   0   0   0   0   0   0   0   0   0   0   0   0   0   0   0   0   0   0   0   0   0   0   0   0   0   0   0   0   0   0   0   0   0   0   0   0   1   0   1   0   7   2   3   1   4  55  13  27  25  74 201 191 197     632 686 663 689 806 942 981 995 999 998 999 998 999 999 999 999 999 999 999 999 999 987 999 999 999 999 999 999 999 999 999 999100010001000 9991000100010001000100010001000100010001000 99910001000100010001000 99910001000100010001000100010001000
EULRING             0   0   0   0   0   0   0   0   0   0   0   0   0   0   0   0   0   0   0   0   0   0   0   0   0   0   0   0   0   0   0   0   0   0   0   0   0   0   0   0   0   0   0   0   0   0   0   0   0   0   0   0   0   0   0   0   0   0   0  21   0   1   5  21  63  20  22 367     578 566 600 793 955 995 999 999 998 999 999 999 999 999 9991000 999 999 9991000 9861000 9991000 9991000100010001000 999100010001000100010001000100010001000100010001000100010001000 99910001000100010001000100010001000100010001000100010001000
BESTMOVE            0   0   0   0   0   0   0   0   0   0   0   0   0   0   0   0   0   0   0   0   0   0   0   0   0   0   0   0   0   0   0   0   0   0   0   0   0   0   0   0   0   0   0   0   0   0   0   0   0   0   0   0   0   0   0   0   0   0   0  17   0   0   2  10  42  14   7 313 421     508 515 750 946 994 999 999 998 999 999 999 999 999 9991000 999 999 9991000 9841000 9991000 9991000100010001000 999100010001000100010001000100010001000100010001000100010001000 99910001000100010001000100010001000100010001000100010001000
AMOEBA 2009         0   0   0   0   0   0   0   0   0   0   0   0   0   0   0   0   0   0   0   0   0   0   0   0   0   0   0   0   0   0   0   0   0   0   0   0   0   0   0   0   0   0   0   0   0   0   0   0   0   0   0   0   0   0   0   0   0   0   0  22   1   2   8  27  71  46  39 336 433 491     501 699 923 978 998 999 994 999 999 999 999 999 999 999 999 999 999 999 9821000 9991000 9991000100010001000 999100010001000100010001000100010001000100010001000100010001000 99910001000100010001000 99910001000100010001000100010001000
AMOEBA 2010         0   0   0   0   0   0   0   0   0   0   0   0   0   0   0   0   0   0   0   0   0   0   0   0   0   0   0   0   0   0   0   0   0   0   0   0   0   0   0   0   0   0   0   0   0   0   0   0   0   0   0   0   0   0   0   0   0   0   0  15   0   0   2  11  36   7   3 310 399 484 498     761 950 996 999 999 998 999 999 999 999 999 99910001000 999 9991000 9841000 9991000 9991000100010001000 999100010001000100010001000100010001000100010001000100010001000 99910001000100010001000100010001000100010001000100010001000
ZETOR 2015          0   0   0   0   0   0   0   0   0   0   0   0   0   0   0   0   0   0   0   0   0   0   0   0   0   0   0   0   0   0   0   0   0   0   0   0   0   0   0   0   0   0   0   0   0   0   0   0   0   0   0   0   0   0   0   0   0   0   0   9   0   0   1   7  22   7   5 193 206 249 300 238     839 946 993 999 986 999 997 999 999 999 999 999 999 999 999 999 9741000 9991000 9991000100010001000 999100010001000100010001000100010001000100010001000100010001000 99910001000100010001000 99910001000100010001000100010001000
HFM 2009            0   0   0   0   0   0   0   0   0   0   0   0   0   0   0   0   0   0   0   0   0   0   0   0   0   0   0   0   0   0   0   0   0   0   0   0   0   0   0   0   0   0   0   0   0   0   0   0   0   0   0   0   0   0   0   0   0   0   0   2   0   0   0   1   4   1   1  57  44  53  76  49 160     627 724 873 867 936 918 994 996 997 986 999 999 999 989 999 934 999 999 999 999 999 999 999 999 997 999 999 9991000 999 999100010001000100010001000 99910001000 9991000 999100010001000 99910001000100010001000100010001000
ZETOR 2014          0   0   0   0   0   0   0   0   0   0   0   0   0   0   0   0   0   0   0   0   0   0   0   0   0   0   0   0   0   0   0   0   0   0   0   0   0   0   0   0   0   0   0   0   0   0   0   0   0   0   0   0   0   0   0   0   0   0   0   0   0   0   0   0   0   0   0  18   4   5  21   3  53 372     609 845 829 931 899 996 998 998 986 999 999 999 987 999 922 999 999 999 999 9991000 999 999 997 999100010001000 9991000100010001000100010001000 99910001000 99910001000100010001000 99910001000100010001000100010001000
PECUCHET            0   0   0   0   0   0   0   0   0   0   0   0   0   0   0   0   0   0   0   0   0   0   0   0   0   0   0   0   0   0   0   0   0   0   0   0   0   0   0   0   0   0   0   0   0   0   0   0   0   0   0   0   0   0   0   0   0   0   0   0   0   0   0   0   0   0   0   4   0   0   1   0   6 275 390     949 822 977 915 999 999 999 992 999 999 999 9891000 9171000 9991000 9991000100010001000 997100010001000100010001000100010001000100010001000100010001000 99910001000100010001000 99910001000100010001000100010001000
JUDE                0   0   0   0   0   0   0   0   0   0   0   0   0   0   0   0   0   0   0   0   0   0   0   0   0   0   0   0   0   0   0   0   0   0   0   0   0   0   0   0   0   0   0   0   0   0   0   0   0   0   0   0   0   0   0   0   0   0   0   0   0   0   0   0   0   0   0   0   0   0   0   0   0 126 154  50     664 833 770 996 999 999 971 999 999 999 9751000 8841000 9991000 999100010001000 999 994 999100010001000 9991000100010001000100010001000100010001000 99910001000100010001000 99910001000100010001000100010001000
KANEC 2005          0   0   0   0   0   0   0   0   0   0   0   0   0   0   0   0   0   0   0   0   0   0   0   0   0   0   0   0   0   0   0   0   0   0   0   0   0   0   0   0   0   0   0   0   0   0   0   0   0   0   0   0   0   0   0   0   0   0   0   0   0   0   0   0   0   0   0   1   1   1   5   1  13 132 170 177 335     513 550 861 875 893 847 958 965 968 916 992 836 999 995 999 998 999 999 999 999 985 999 999 999 999 999 999 999 999 999 999 999 999 99910001000 999 999 999100010001000 999100010001000100010001000 9991000
XOXO 2016           0   0   0   0   0   0   0   0   0   0   0   0   0   0   0   0   0   0   0   0   0   0   0   0   0   0   0   0   0   0   0   0   0   0   0   0   0   0   0   0   0   0   0   0   0   0   0   0   0   0   0   0   0   0   0   0   0   0   0   0   0   0   0   0   0   0   0   0   0   0   0   0   0  63  68  22 166 486     553 950 982 976 905 999 998 999 943 999 844 999 999 999 99910001000 999 999 989 999100010001000 9991000100010001000100010001000 99910001000 9991000 999100010001000 99910001000100010001000100010001000
HEWER 2004          0   0   0   0   0   0   0   0   0   0   0   0   0   0   0   0   0   0   0   0   0   0   0   0   0   0   0   0   0   0   0   0   0   0   0   0   0   0   0   0   0   0   0   0   0   0   0   0   0   0   0   0   0   0   0   0   0   0   0   0   0   0   0   0   0   0   0   1   0   0   0   0   2  81 100  84 229 449 446     885 892 920 850 979 979 981 918 997 828 999 997 999 999 999 999 999 999 986 999 999 999 999 999 99910001000100010001000 999 99910001000 9991000 999100010001000 99910001000100010001000100010001000
QMENTAT 5           0   0   0   0   0   0   0   0   0   0   0   0   0   0   0   0   0   0   0   0   0   0   0   0   0   0   0   0   0   0   0   0   0   0   0   0   0   0   0   0   0   0   0   0   0   0   0   0   0   0   0   0   0   0   0   0   0   0   0   0   0   0   0   0   0   0   0   0   0   0   0   0   0   5   3   0   3 138  49 114     504 575 555 804 847 859 774 973 716 999 981 999 995 999 999 999 999 963 999 999 999 999 999 99910001000100010001000 999 99910001000 9991000 999100010001000 999100010001000100010001000 9991000
IGNITOR             0   0   0   0   0   0   0   0   0   0   0   0   0   0   0   0   0   0   0   0   0   0   0   0   0   0   0   0   0   0   0   0   0   0   0   0   0   0   0   0   0   0   0   0   0   0   0   0   0   0   0   0   0   0   0   0   0   0   0   0   0   0   0   0   0   0   0   0   0   0   0   0   0   3   1   0   0 124  17 107 495     575 553 856 880 903 778 993 716 999 986 999 996 999 999 999 999 964 999 99910001000 999 999100010001000100010001000 99910001000 9991000 999100010001000 999100010001000100010001000 9991000
KRYSA               0   0   0   0   0   0   0   0   0   0   0   0   0   0   0   0   0   0   0   0   0   0   0   0   0   0   0   0   0   0   0   0   0   0   0   0   0   0   0   0   0   0   0   0   0   0   0   0   0   0   0   0   0   0   0   0   0   0   0   0   0   0   0   0   0   0   0   0   0   0   0   0   0   2   1   0   0 106  23  79 424 424     504 763 820 834 750 974 700 999 979 999 995 999 999 999 999 960 999 999 9991000 999 999100010001000100010001000 99910001000 9991000 999100010001000 999100010001000100010001000 9991000
HEWER 2003          0   0   0   0   0   0   0   0   0   0   0   0   0   0   0   0   0   0   0   0   0   0   0   0   0   0   0   0   0   0   0   0   0   0   0   0   0   0   0   0   0   0   0   0   0   0   0   0   0   0   0   0   0   0   0   0   0   0   0   0   0   0   0   0   0   0   0   0   0   0   0   0   0  13  13   7  28 152  94 149 444 446 495     656 729 744 724 865 692 981 953 993 983 999 999 999 999 951 999 999 999 999 999 999 999 999 999 999 999 999 999 999 999 999 999 999100010001000 999100010001000100010001000 9991000
NOESIS              0   0   0   0   0   0   0   0   0   0   0   0   0   0   0   0   0   0   0   0   0   0   0   0   0   0   0   0   0   0   0   0   0   0   0   0   0   0   0   0   0   0   0   0   0   0   0   0   0   0   0   0   0   0   0   0   0   0   0   0   0   0   0   0   0   0   0   0   0   0   0   0   0   0   0   0   0  41   0  20 195 143 236 343     676 706 664 981 649 999 967 999 991 9991000 999 999 945 999 99910001000 999 999100010001000100010001000 99910001000 9991000 999100010001000 999100010001000100010001000 9991000
LICHT 2014          0   0   0   0   0   0   0   0   0   0   0   0   0   0   0   0   0   0   0   0   0   0   0   0   0   0   0   0   0   0   0   0   0   0   0   0   0   0   0   0   0   0   0   0   0   0   0   0   0   0   0   0   0   0   0   0   0   0   0   0   0   0   0   0   0   0   0   0   0   0   0   0   0   0   0   0   0  34   1  20 152 119 179 270 323     528 592 768 612 989 926 998 975 999 999 999 999 928 999 999 999 999 999 99910001000100010001000 999 99910001000 999 999 999100010001000 999100010001000100010001000 9991000
LICHT               0   0   0   0   0   0   0   0   0   0   0   0   0   0   0   0   0   0   0   0   0   0   0   0   0   0   0   0   0   0   0   0   0   0   0   0   0   0   0   0   0   0   0   0   0   0   0   0   0   0   0   0   0   0   0   0   0   0   0   0   0   0   0   0   0   0   0   0   0   0   0   0   0   0   0   0   0  31   0  18 140  96 165 255 293 471     578 733 604 984 918 997 971 999 999 999 999 925 999 999 999 999 999 99910001000100010001000 999 99910001000 999 999 999100010001000 999100010001000100010001000 9991000
QMENTAT 1           0   0   0   0   0   0   0   0   0   0   0   0   0   0   0   0   0   0   0   0   0   0   0   0   0   0   0   0   0   0   0   0   0   0   0   0   0   0   0   0   0   0   0   0   0   0   0   0   0   0   0   0   0   0   0   0   0   0   0   0   0   0   0   0   0   0   0   0   0   0   0   0   0  10  12  10  24  83  56  81 225 221 249 275 335 407 421     513 556 750 772 849 862 925 938 956 968 878 980 990 994 996 996 999 999 999 999 999 999 999 999 999 999 998 999 999 999 999 999 999 999 999 999 999 999 999 9991000
QMENTAT 6           0   0   0   0   0   0   0   0   0   0   0   0   0   0   0   0   0   0   0   0   0   0   0   0   0   0   0   0   0   0   0   0   0   0   0   0   0   0   0   0   0   0   0   0   0   0   0   0   0   0   0   0   0   0   0   0   0   0   0   0   0   0   0   0   0   0   0   0   0   0   0   0   0   0   0   0   0   7   0   2  26   6  25 134  18 231 266 486     556 998 886 999 961 999 999 999 999 907 999 999 9991000 999 999100010001000100010001000 99910001000 9991000 999100010001000 999100010001000100010001000 9991000
PISQ 4              0   0   0   0   0   0   0   0   0   0   0   0   0   0   0   0   0   0   0   0   0   0   0   0   0   0   0   0   0   0   0   0   0   0   0   0   0   0   0   0   0   0   0   0   0   0   0   0   0   0   0   0   0   0   0   0   0   0   0   1   0   0   1   2   4   3   3  12  13  15  17  15  25  65  77  82 115 163 155 171 283 283 299 307 350 387 395 443 443     576 617 654 693 726 742 782 814 783 846 859 885 897 926 960 971 971 973 975 975 975 972 988 989 984 989 992 997 998 998 996 999 999 999 999 999 999 999 999
TRUNKAT             0   0   0   0   0   0   0   0   0   0   0   0   0   0   0   0   0   0   0   0   0   0   0   0   0   0   0   0   0   0   0   0   0   0   0   0   0   0   0   0   0   0   0   0   0   0   0   0   0   0   0   0   0   0   0   0   0   0   0   0   0   0   0   0   0   0   0   0   0   0   0   0   0   0   0   0   0   0   0   0   0   0   0  18   0  10  15 249   1 423     628 887 815 999 999 997 996 824 998 999 9991000 999 99910001000100010001000 999 99910001000 999 999 999100010001000 999100010001000100010001000 9991000
GMOTOR 2006         0   0   0   0   0   0   0   0   0   0   0   0   0   0   0   0   0   0   0   0   0   0   0   0   0   0   0   0   0   0   0   0   0   0   0   0   0   0   0   0   0   0   0   0   0   0   0   0   0   0   0   0   0   0   0   0   0   0   0   0   0   0   0   0   0   0   0   0   0   0   0   0   0   0   0   0   0   4   0   2  18  13  20  46  32  73  81 227 113 382 371     580 659 769 808 869 906 764 944 968 985 993 992 999 999 999 999 999 999 999 999 999 999 995 999 999 999 999 999 999 999 999 999 9991000 999 9991000
IMRO 2015           0   0   0   0   0   0   0   0   0   0   0   0   0   0   0   0   0   0   0   0   0   0   0   0   0   0   0   0   0   0   0   0   0   0   0   0   0   0   0   0   0   0   0   0   0   0   0   0   0   0   0   0   0   0   0   0   0   0   0   0   0   0   0   0   0   0   0   0   0   0   0   0   0   0   0   0   0   0   0   0   0   0   0   6   0   1   2 150   0 345 112 419     631 886 942 947 960 752 984 998 999 999 999 99910001000 9991000 999 999 99910001000 997 999 999100010001000 99910001000100010001000 999 9991000
QMENTAT 2           0   0   0   0   0   0   0   0   0   0   0   0   0   0   0   0   0   0   0   0   0   0   0   0   0   0   0   0   0   0   0   0   0   0   0   0   0   0   0   0   0   0   0   0   0   0   0   0   0   0   0   0   0   0   0   0   0   0   0   0   0   0   0   0   0   0   0   0   0   0   0   0   0   0   0   0   0   1   0   0   4   3   4  16   8  24  28 137  38 306 184 340 368     568 616 727 799 687 867 914 950 971 977 996 999 999 999 999 999 999 997 999 999 989 999 999 999 999 999 999 999 999 999 999 999 999 9991000
NABAMOKU 2008       0   0   0   0   0   0   0   0   0   0   0   0   0   0   0   0   0   0   0   0   0   0   0   0   0   0   0   0   0   0   0   0   0   0   0   0   0   0   0   0   0   0   0   0   0   0   0   0   0   0   0   0   0   0   0   0   0   0   0   0   0   0   0   0   0   0   0   0   0   0   0   0   0   0   0   0   0   0   0   0   0   0   0   0   0   0   0  74   0 273   0 230 113 431     662 814 878 674 945 992 999 999 996 99910001000 9991000 999 999 99910001000 993 999 999100010001000 99910001000100010001000 999 9991000
PUSKVOREC           0   0   0   0   0   0   0   0   0   0   0   0   0   0   0   0   0   0   0   0   0   0   0   0   0   0   0   0   0   0   0   0   0   0   0   0   0   0   0   0   0   0   0   0   0   0   0   0   0   0   0   0   0   0   0   0   0   0   0   0   0   0   0   0   0   0   0   0   0   0   0   0   0   0   0   0   0   0   0   0   0   0   0   0   0   0   0  61   0 257   0 191  57 383 337     755 844 654 927 990 999 999 995 99910001000 9991000 999 999 99910001000 992 999 999100010001000 99910001000100010001000 999 9991000
PUREGM 2012         0   0   0   0   0   0   0   0   0   0   0   0   0   0   0   0   0   0   0   0   0   0   0   0   0   0   0   0   0   0   0   0   0   0   0   0   0   0   0   0   0   0   0   0   0   0   0   0   0   0   0   0   0   0   0   0   0   0   0   0   0   0   0   0   0   0   0   0   0   0   0   0   0   0   0   0   0   0   0   0   0   0   0   0   0   0   0  43   0 217   2 130  52 272 185 244     649 589 790 865 951 988 971 998 999 999 999 999 999 999 998 999 999 984 999 999 999 999 999 99910001000100010001000 999 9991000
PUREGM 2011         0   0   0   0   0   0   0   0   0   0   0   0   0   0   0   0   0   0   0   0   0   0   0   0   0   0   0   0   0   0   0   0   0   0   0   0   0   0   0   0   0   0   0   0   0   0   0   0   0   0   0   0   0   0   0   0   0   0   0   0   0   0   0   0   0   0   0   0   0   0   0   0   0   0   0   0   0   0   0   0   0   0   0   0   0   0   0  31   0 185   3  93  39 200 121 155 350     532 642 704 836 905 927 989 999 999 999 999 999 999 993 999 999 974 999 999 999 999 999 999 9991000 999 9991000 999 9991000
PISQ 3              0   0   0   0   0   0   0   0   0   0   0   0   0   0   0   0   0   0   0   0   0   0   0   0   0   0   0   0   0   0   0   0   0   0   0   0   0   0   0   0   0   0   0   0   0   0   0   0   0   0   0   0   0   0   0   0   0   0   0   0   0   0   0   0   0   0   0   0   0   0   0   0   0   2   2   2   5  14  10  13  36  35  39  48  54  71  74 121  92 216 175 235 247 312 325 345 410 467     527 542 601 626 718 822 855 858 863 875 876 875 868 931 939 922 940 952 982 987 991 978 994 998 998 998 999 999 999 999
FAST-GOMOKU 2014    0   0   0   0   0   0   0   0   0   0   0   0   0   0   0   0   0   0   0   0   0   0   0   0   0   0   0   0   0   0   0   0   0   0   0   0   0   0   0   0   0   0   0   0   0   0   0   0   0   0   0   0   0   0   0   0   0   0   0   0   0   0   0   0   0   0   0   0   0   0   0   0   0   0   0   0   0   0   0   0   0   0   0   0   0   0   0  19   0 153   1  55  15 132  54  72 209 357 472     537 697 779 864 975 998 998 997 999 997 996 984 999 999 959 999 998 999 999 999 999 9991000 999 9991000 999 9991000
PISQ 5              0   0   0   0   0   0   0   0   0   0   0   0   0   0   0   0   0   0   0   0   0   0   0   0   0   0   0   0   0   0   0   0   0   0   0   0   0   0   0   0   0   0   0   0   0   0   0   0   0   0   0   0   0   0   0   0   0   0   0   0   0   0   0   0   0   0   0   0   0   0   0   0   0   0   0   0   0   0   0   0   0   0   0   0   0   0   0   9   0 140   0  31   1  85   7   9 134 295 457 462     710 835 885 984 999 999 999 999 999 999 991 999 999 964 999 999 999 999 999 99910001000 99910001000 999 9991000
FASTGOMOKU 2014     0   0   0   0   0   0   0   0   0   0   0   0   0   0   0   0   0   0   0   0   0   0   0   0   0   0   0   0   0   0   0   0   0   0   0   0   0   0   0   0   0   0   0   0   0   0   0   0   0   0   0   0   0   0   0   0   0   0   0   0   0   0   0   0   0   0   0   0   0   0   0   0   0   0   0   0   0   0   0   0   0   0   0   0   0   0   0   5   0 114   0  14   0  49   0   0  48 163 398 302 289     617 798 964 999 999 999 999 999 997 980 999 999 944 999 998 999 999 999 99810001000 99910001000 999 9991000
PISQ 7              0   0   0   0   0   0   0   0   0   0   0   0   0   0   0   0   0   0   0   0   0   0   0   0   0   0   0   0   0   0   0   0   0   0   0   0   0   0   0   0   0   0   0   0   0   0   0   0   0   0   0   0   0   0   0   0   0   0   0   0   0   0   0   0   0   0   0   0   0   0   0   0   0   0   0   0   0   0   0   0   0   0   0   0   0   0   0   3   0 102   0   6   0  28   0   0  11  94 373 220 164 382     774 965 999 999 999 999 999 998 98010001000 940 999 998 999 999 999 99810001000100010001000 999 9991000
PISQ 6              0   0   0   0   0   0   0   0   0   0   0   0   0   0   0   0   0   0   0   0   0   0   0   0   0   0   0   0   0   0   0   0   0   0   0   0   0   0   0   0   0   0   0   0   0   0   0   0   0   0   0   0   0   0   0   0   0   0   0   0   0   0   0   0   0   0   0   0   0   0   0   0   0   0   0   0   0   0   0   0   0   0   0   0   0   0   0   3   0  73   0   7   0  22   3   4  28  72 281 135 114 201 225     758 874 881 882 909 899 889 853 986 991 862 984 967 999 999 999 989 999 999 999 999 999 999 9991000
IMRO 2013           0   0   0   0   0   0   0   0   0   0   0   0   0   0   0   0   0   0   0   0   0   0   0   0   0   0   0   0   0   0   0   0   0   0   0   0   0   0   0   0   0   0   0   0   0   0   0   0   0   0   0   0   0   0   0   0   0   0   0   0   0   0   0   0   0   0   0   0   0   0   0   0   0   0   0   0   0   0   0   0   0   0   0   0   0   0   0   0   0  39   0   0   0   3   0   0   1  10 177  24  15  35  34 241     591 606 620 688 690 682 665 921 941 756 915 898 997 998 999 971 999 999 999 999 999 999 9991000
LEONARDO            0   0   0   0   0   0   0   0   0   0   0   0   0   0   0   0   0   0   0   0   0   0   0   0   0   0   0   0   0   0   0   0   0   0   0   0   0   0   0   0   0   0   0   0   0   0   0   0   0   0   0   0   0   0   0   0   0   0   0   0   0   0   0   0   0   0   0   0   0   0   0   0   0   0   0   0   0   0   0   0   0   0   0   0   0   0   0   0   0  28   0   0   0   0   0   0   0   0 144   1   0   0   0 125 408     538 570 710 686 669 636 998 999 741 959 918 999 999 999 97610001000 999 9991000 999 9991000
BENJAMIN            0   0   0   0   0   0   0   0   0   0   0   0   0   0   0   0   0   0   0   0   0   0   0   0   0   0   0   0   0   0   0   0   0   0   0   0   0   0   0   0   0   0   0   0   0   0   0   0   0   0   0   0   0   0   0   0   0   0   0   0   0   0   0   0   0   0   0   0   0   0   0   0   0   0   0   0   0   0   0   0   0   0   0   0   0   0   0   0   0  28   0   0   0   0   0   0   0   0 141   1   0   0   0 118 393 461     543 698 675 654 625 998 999 736 955 913 999 999 999 97510001000 999 9991000 999 9991000
BRUTEFOR            0   0   0   0   0   0   0   0   0   0   0   0   0   0   0   0   0   0   0   0   0   0   0   0   0   0   0   0   0   0   0   0   0   0   0   0   0   0   0   0   0   0   0   0   0   0   0   0   0   0   0   0   0   0   0   0   0   0   0   0   0   0   0   0   0   0   0   0   0   0   0   0   0   0   0   0   0   0   0   0   0   0   0   0   0   0   0   0   0  26   0   0   0   0   0   0   0   0 136   2   0   0   0 117 379 429 456     613 622 615 602 976 990 728 942 901 999 999 999 971 9991000 999 9991000 999 9991000
VALKYRIE            0   0   0   0   0   0   0   0   0   0   0   0   0   0   0   0   0   0   0   0   0   0   0   0   0   0   0   0   0   0   0   0   0   0   0   0   0   0   0   0   0   0   0   0   0   0   0   0   0   0   0   0   0   0   0   0   0   0   0   0   0   0   0   0   0   0   0   0   0   0   0   0   0   0   0   0   0   0   0   0   0   0   0   0   0   0   0   0   0  24   0   0   0   0   0   0   0   0 124   0   0   0   0  90 311 289 301 386     539 539 546 975 984 699 911 874 999 999 999 965 9991000 999 9991000 999 9991000
STAHLFAUST          0   0   0   0   0   0   0   0   0   0   0   0   0   0   0   0   0   0   0   0   0   0   0   0   0   0   0   0   0   0   0   0   0   0   0   0   0   0   0   0   0   0   0   0   0   0   0   0   0   0   0   0   0   0   0   0   0   0   0   0   0   0   0   0   0   0   0   0   0   0   0   0   0   0   0   0   0   0   0   0   0   0   0   0   0   0   0   0   0  24   0   0   0   0   0   0   0   0 123   2   0   0   0 100 309 313 324 377 460     505 521 892 921 684 868 847 998 999 999 958 999 999 999 999 999 999 9991000
PUREGM 2009         0   0   0   0   0   0   0   0   0   0   0   0   0   0   0   0   0   0   0   0   0   0   0   0   0   0   0   0   0   0   0   0   0   0   0   0   0   0   0   0   0   0   0   0   0   0   0   0   0   0   0   0   0   0   0   0   0   0   0   0   0   0   0   0   0   0   0   0   0   0   0   0   0   0   0   0   0   0   0   0   0   0   0   0   0   0   0   0   0  24   0   0   0   0   0   0   0   0 124   3   0   2   1 110 317 330 345 384 460 494     517 847 888 679 849 836 996 997 999 954 999 999 999 999 999 999 9991000
NABAMOKU 2007       0   0   0   0   0   0   0   0   0   0   0   0   0   0   0   0   0   0   0   0   0   0   0   0   0   0   0   0   0   0   0   0   0   0   0   0   0   0   0   0   0   0   0   0   0   0   0   0   0   0   0   0   0   0   0   0   0   0   0   0   0   0   0   0   0   0   0   0   0   0   0   0   0   0   0   0   0   0   0   0   0   0   0   0   0   0   0   0   0  27   0   0   0   2   0   0   1   6 131  15   8  19  19 146 334 363 374 397 453 478 482     740 784 660 782 791 975 986 994 936 999 999 999 999 999 999 9991000
FIVEROW             0   0   0   0   0   0   0   0   0   0   0   0   0   0   0   0   0   0   0   0   0   0   0   0   0   0   0   0   0   0   0   0   0   0   0   0   0   0   0   0   0   0   0   0   0   0   0   0   0   0   0   0   0   0   0   0   0   0   0   0   0   0   0   0   0   0   0   0   0   0   0   0   0   0   0   0   0   0   0   0   0   0   0   0   0   0   0   0   0  11   0   0   0   0   0   0   0   0  68   0   0   0   0  13  78   1   1  23  24 107 152 259     647 547 649 683 996 997 999 914 9991000 999 9991000 999 9991000
AI 1000             0   0   0   0   0   0   0   0   0   0   0   0   0   0   0   0   0   0   0   0   0   0   0   0   0   0   0   0   0   0   0   0   0   0   0   0   0   0   0   0   0   0   0   0   0   0   0   0   0   0   0   0   0   0   0   0   0   0   0   0   0   0   0   0   0   0   0   0   0   0   0   0   0   0   0   0   0   0   0   0   0   0   0   0   0   0   0   0   0  10   0   0   0   0   0   0   0   0  60   0   0   0   0   8  58   0   0   9  15  78 111 215 352     518 581 639 991 994 999 900 999 999 999 999 999 999 9991000
HRUBA_SILA          0   0   0   0   0   0   0   0   0   0   0   0   0   0   0   0   0   0   0   0   0   0   0   0   0   0   0   0   0   0   0   0   0   0   0   0   0   0   0   0   0   0   0   0   0   0   0   0   0   0   0   0   0   0   0   0   0   0   0   0   0   0   0   0   0   0   0   0   0   0   0   0   0   0   0   0   0   0   0   0   0   0   0   0   0   0   0   1   0  15   0   4   2  10   6   7  15  25  77  40  35  55  59 137 243 258 263 271 300 315 320 339 452 481     513 561 750 808 846 791 884 962 957 959 983 991 991 999
AI 620              0   0   0   0   0   0   0   0   0   0   0   0   0   0   0   0   0   0   0   0   0   0   0   0   0   0   0   0   0   0   0   0   0   0   0   0   0   0   0   0   0   0   0   0   0   0   0   0   0   0   0   0   0   0   0   0   0   0   0   0   0   0   0   0   0   0   0   0   0   0   0   0   0   0   0   0   0   0   0   0   0   0   0   0   0   0   0   0   0  10   0   0   0   0   0   0   0   0  59   0   0   0   0  15  84  40  44  57  88 131 150 217 350 418 486     574 919 954 982 864 998 999 999 999 999 999 9991000
DEEP_BLUE           0   0   0   0   0   0   0   0   0   0   0   0   0   0   0   0   0   0   0   0   0   0   0   0   0   0   0   0   0   0   0   0   0   0   0   0   0   0   0   0   0   0   0   0   0   0   0   0   0   0   0   0   0   0   0   0   0   0   0   0   0   0   0   0   0   0   0   0   0   0   0   0   0   0   0   0   0   0   0   0   0   0   0   0   0   0   0   0   0   7   0   0   0   0   0   0   0   0  47   1   0   1   1  32 101  81  86  98 125 152 163 208 316 360 438 425     798 868 916 809 962 996 992 993 999 998 999 999
PUREGM 2013         0   0   0   0   0   0   0   0   0   0   0   0   0   0   0   0   0   0   0   0   0   0   0   0   0   0   0   0   0   0   0   0   0   0   0   0   0   0   0   0   0   0   0   0   0   0   0   0   0   0   0   0   0   0   0   0   0   0   0   0   0   0   0   0   0   0   0   0   0   0   0   0   0   0   0   0   0   0   0   0   0   0   0   0   0   0   0   0   0   2   0   0   0   0   0   0   0   0  17   0   0   0   0   0   2   0   0   0   0   1   3  24   3   8 249  80 201     696 812 657 940 999 994 995 999 998 9961000
XOXO 2015           0   0   0   0   0   0   0   0   0   0   0   0   0   0   0   0   0   0   0   0   0   0   0   0   0   0   0   0   0   0   0   0   0   0   0   0   0   0   0   0   0   0   0   0   0   0   0   0   0   0   0   0   0   0   0   0   0   0   0   0   0   0   0   0   0   0   0   0   0   0   0   0   0   0   0   0   0   0   0   0   0   0   0   0   0   0   0   0   0   1   0   0   0   0   0   0   0   0  12   0   0   0   0   0   1   0   0   0   0   0   2  13   2   5 191  45 131 303     619 561 759 987 969 970 998 994 9901000
PUREROCKY           0   0   0   0   0   0   0   0   0   0   0   0   0   0   0   0   0   0   0   0   0   0   0   0   0   0   0   0   0   0   0   0   0   0   0   0   0   0   0   0   0   0   0   0   0   0   0   0   0   0   0   0   0   0   0   0   0   0   0   0   0   0   0   0   0   0   0   0   0   0   0   0   0   0   0   0   0   0   0   0   0   0   0   0   0   0   0   0   0   1   0   0   0   0   0   0   0   0   8   0   0   0   0   0   0   0   0   0   0   0   0   5   0   0 153  17  83 187 380     500 649 980 944 968 999 992 9871000
DOLORES             0   0   0   0   0   0   0   0   0   0   0   0   0   0   0   0   0   0   0   0   0   0   0   0   0   0   0   0   0   0   0   0   0   0   0   0   0   0   0   0   0   0   0   0   0   0   0   0   0   0   0   0   0   0   0   0   0   0   0   0   0   0   0   0   0   0   0   0   0   0   0   0   0   0   0   0   0   0   0   0   0   0   0   0   0   0   0   0   0   3   0   0   0   0   0   0   0   0  21   0   0   1   1  10  28  23  24  28  34  41  45  63  85  99 208 135 190 342 438 499     559 798 792 797 894 952 952 999
CURNPIS             0   0   0   0   0   0   0   0   0   0   0   0   0   0   0   0   0   0   0   0   0   0   0   0   0   0   0   0   0   0   0   0   0   0   0   0   0   0   0   0   0   0   0   0   0   0   0   0   0   0   0   0   0   0   0   0   0   0   0   0   0   0   0   0   0   0   0   0   0   0   0   0   0   0   0   0   0   0   0   0   0   0   0   0   0   0   0   0   0   0   0   0   0   0   0   0   0   0   5   0   0   0   0   0   0   0   0   0   0   0   0   0   0   0 115   1  37  59 240 350 440     994 941 960 999 992 9861000
CRUSHER 2010        0   0   0   0   0   0   0   0   0   0   0   0   0   0   0   0   0   0   0   0   0   0   0   0   0   0   0   0   0   0   0   0   0   0   0   0   0   0   0   0   0   0   0   0   0   0   0   0   0   0   0   0   0   0   0   0   0   0   0   0   0   0   0   0   0   0   0   0   0   0   0   0   0   0   0   0   0   0   0   0   0   0   0   0   0   0   0   0   0   0   0   0   0   0   0   0   0   0   1   0   0   0   0   0   0   0   0   0   0   0   0   0   0   0  37   0   3   0  12  19 201   5     527 531 905 938 9281000
FAST-GOMOKU 2015    0   0   0   0   0   0   0   0   0   0   0   0   0   0   0   0   0   0   0   0   0   0   0   0   0   0   0   0   0   0   0   0   0   0   0   0   0   0   0   0   0   0   0   0   0   0   0   0   0   0   0   0   0   0   0   0   0   0   0   0   0   0   0   0   0   0   0   0   0   0   0   0   0   0   0   0   0   0   0   0   0   0   0   0   0   0   0   0   0   0   0   0   0   0   0   0   0   0   1   0   0   0   0   0   0   0   0   0   0   0   0   0   0   0  42   0   7   5  30  55 207  58 472     501 796 914 910 999
CRUSHER             0   0   0   0   0   0   0   0   0   0   0   0   0   0   0   0   0   0   0   0   0   0   0   0   0   0   0   0   0   0   0   0   0   0   0   0   0   0   0   0   0   0   0   0   0   0   0   0   0   0   0   0   0   0   0   0   0   0   0   0   0   0   0   0   0   0   0   0   0   0   0   0   0   0   0   0   0   0   0   0   0   0   0   0   0   0   0   0   0   0   0   0   0   0   0   0   0   0   1   0   0   0   0   0   0   0   0   0   0   0   0   0   0   0  40   0   6   4  29  31 202  39 468 498     822 920 9141000
PROLOG              0   0   0   0   0   0   0   0   0   0   0   0   0   0   0   0   0   0   0   0   0   0   0   0   0   0   0   0   0   0   0   0   0   0   0   0   0   0   0   0   0   0   0   0   0   0   0   0   0   0   0   0   0   0   0   0   0   0   0   0   0   0   0   0   0   0   0   0   0   0   0   0   0   0   0   0   0   0   0   0   0   0   0   0   0   0   0   0   0   0   0   0   0   0   0   0   0   0   0   0   0   0   0   0   0   0   0   0   0   0   0   0   0   0  16   0   0   0   1   0 105   0  94 203 177     840 8461000
PUREGM 2008         0   0   0   0   0   0   0   0   0   0   0   0   0   0   0   0   0   0   0   0   0   0   0   0   0   0   0   0   0   0   0   0   0   0   0   0   0   0   0   0   0   0   0   0   0   0   0   0   0   0   0   0   0   0   0   0   0   0   0   0   0   0   0   0   0   0   0   0   0   0   0   0   0   0   0   0   0   0   0   0   0   0   0   0   0   0   0   0   0   0   0   0   0   0   0   0   0   0   0   0   0   0   0   0   0   0   0   0   0   0   0   0   0   0   8   0   1   1   5   7  47   7  61  85  79 159     564 999
AI 016              0   0   0   0   0   0   0   0   0   0   0   0   0   0   0   0   0   0   0   0   0   0   0   0   0   0   0   0   0   0   0   0   0   0   0   0   0   0   0   0   0   0   0   0   0   0   0   0   0   0   0   0   0   0   0   0   0   0   0   0   0   0   0   0   0   0   0   0   0   0   0   0   0   0   0   0   0   0   0   0   0   0   0   0   0   0   0   0   0   0   0   0   0   0   0   0   0   0   0   0   0   0   0   0   0   0   0   0   0   0   0   0   0   0   8   0   0   3   9  12  47  13  71  89  85 153 435     993
MUSHROOM            0   0   0   0   0   0   0   0   0   0   0   0   0   0   0   0   0   0   0   0   0   0   0   0   0   0   0   0   0   0   0   0   0   0   0   0   0   0   0   0   0   0   0   0   0   0   0   0   0   0   0   0   0   0   0   0   0   0   0   0   0   0   0   0   0   0   0   0   0   0   0   0   0   0   0   0   0   0   0   0   0   0   0   0   0   0   0   0   0   0   0   0   0   0   0   0   0   0   0   0   0   0   0   0   0   0   0   0   0   0   0   0   0   0   0   0   0   0   0   0   0   0   0   0   0   0   0   6    
